32
56
62
47
53
62
63
32
61
53
58
48
33
58
47
50
57
45
33
41
48
50
36
33
53
54
58
38
60
34
32
59
38
57
43
42
32
44
32
51
60
33
44
60
47
58
36
43
60
40
36
54
39
42
47
50
62
59
58
47
54
57
33
43
55
38
35
38
32
47
58
36
33
47
51
50
48
40
39
41
33
50
37
39
34
37
50
45
47
41
55
37
44
47
35
50
48
40
39
41
48
63
38
39
36
54
53
37
43
41
55
58
40
42
34
60
49
61
38
34
53
62
39
43
52
39
52
44
55
43
60
57
43
60
38
61
51
58
58
47
54
49
40
60
34
50
36
61
34
40
37
50
37
55
52
35
56
61
39
51
62
34
58
58
37
54
35
33
43
32
50
37
45
43
41
60
49
61
38
34
36
56
59
34
35
49
62
46
34
38
41
46
37
43
38
37
50
58
58
40
53
59
38
47
51
50
53
38
59
51
60
57
42
47
36
39
34
58
43
52
53
59
38
57
34
33
46
36
43
38
55
36
58
32
38
56
46
37
39
38
61
54
58
58
47
54
46
42
47
43
63
35
33
43
42
36
56
39
42
34
33
62
58
39
51
63
62
34
43
51
59
54
61
58
47
60
36
44
45
46
61
48
33
47
43
54
36
44
34
40
49
53
32
32
32
50
53
38
59
51
58
57
61
38
34
32
34
39
39
41
55
56
37
45
34
53
54
59
32
46
54
57
61
43
41
60
35
45
33
46
61
48
40
38
38
61
51
58
58
50
33
57
40
34
43
55
54
48
61
43
54
50
57
61
46
43
58
38
32
51
59
36
38
59
51
60
49
61
57
34
63
33
44
58
40
60
63
38
58
51
60
38
60
47
53
33
50
37
39
41
53
59
60
43
41
48
50
38
40
51
59
50
42
34
46
62
54
61
43
43
54
35
33
47
53
52
46
47
34
40
36
50
59
61
40
53
62
45
34
34
61
50
58
61
51
59
50
40
39
53
53
50
44
42
52
62
56
58
58
38
41
56
61
43
52
59
56
61
38
40
38
36
44
39
41
49
56
61
47
41
58
52
46
47
53
55
50
39
61
52
54
57
58
39
51
58
33
44
62
43
50
57
61
61
48
50
35
44
60
43
58
59
32
43
52
35
50
61
47
43
32
35
38
33
51
58
37
44
42
51
60
36
37
43
34
35
62
39
41
52
58
52
34
32
34
32
36
32
32
51
59
50
40
39
53
36
54
37
37
40
61
37
38
61
34
63
50
40
56
34
32
62
36
47
32
58
57
44
58
53
42
62
39
41
51
60
50
40
58
51
33
62
57
43
38
61
51
42
33
48
59
50
44
34
48
59
50
59
43
48
50
36
61
38
34
48
63
40
62
46
32
54
62
39
41
39
63
40
58
55
58
52
61
59
53
54
36
38
35
34
36
63
44
60
34
50
63
48
43
52
58
57
61
38
34
55
50
40
42
52
54
54
47
34
40
50
35
32
32
32
60
57
33
39
52
49
54
42
37
53
54
54
45
39
41
52
54
43
33
40
56
32
32
58
47
50
39
40
60
38
32
56
37
33
55
54
57
42
33
50
63
51
39
58
52
58
57
34
39
33
42
56
60
58
53
58
50
45
61
40
39
63
32
45
44
36
62
61
38
52
50
59
61
44
34
48
54
60
61
34
39
63
44
57
34
58
48
33
58
40
53
35
33
43
48
50
35
44
60
41
60
35
33
43
48
54
62
46
38
51
60
49
61
38
34
49
56
45
55
46
61
35
33
43
48
50
35
44
60
46
32
50
56
59
38
63
35
38
58
47
54
32
44
39
32
59
35
38
40
51
59
50
62
38
38
39
56
59
39
52
58
35
61
38
34
37
56
37
59
42
54
62
58
43
54
38
54
37
58
40
39
63
44
57
34
58
48
33
58
46
39
36
40
34
38
36
36
38
35
34
39
63
32
32
32
63
62
34
43
51
59
54
61
56
38
61
52
44
39
41
59
62
46
38
52
48
63
38
33
43
48
37
40
45
44
58
57
46
38
46
32
49
32
32
32
54
37
35
33
46
61
35
58
58
34
50
52
33
39
41
52
35
33
43
36
60
59
37
43
32
54
52
60
60
53
58
52
60
34
50
62
52
59
47
36
56
62
39
41
36
38
37
59
39
36
38
59
60
35
48
59
54
61
39
52
36
50
32
41
47
39
37
44
47
43
63
46
62
38
34
61
46
38
59
52
50
46
61
38
34
36
50
32
41
47
39
35
33
39
53
39
46
61
57
40
53
50
44
58
55
54
37
58
43
36
60
57
45
62
34
33
36
44
45
40
61
51
37
47
48
60
49
47
47
43
63
62
39
41
37
60
51
32
43
52
35
50
59
61
34
48
56
39
42
55
54
37
58
43
36
60
57
45
58
47
54
46
40
34
43
53
54
37
34
51
60
35
33
43
32
33
56
60
32
35
39
63
44
43
38
33
35
33
39
51
32
35
33
43
33
60
37
42
43
40
53
48
59
47
49
58
35
48
33
33
39
63
44
43
38
33
35
33
39
52
39
63
44
57
34
58
48
33
58
106
121
125
